T = 1.0000000
< E >   = -7.9831200
<|M|>   = 3.9943120
sigma_E = 0.033688766
sigma_M = 0.0043039117
