MCcycles = 1000000
T = 1.0000000
< E >   = -7.9840720
<|M|>   = 3.9947140
sigma_E = 0.031792575
sigma_M = 0.0039400146
