MCcycles = 1000000
T = 1.0000000
< E >   = -7.9830960
<|M|>   = 3.9942620
sigma_E = 0.033736564
sigma_M = 0.0043727688
